score: 7.936354537447563
Duration: 204.92969012260437
